0.96 0.95000000298
0.92 0.929999992251
0.92 0.960000008345
0.92 0.915000006557
0.94 0.915000006557
0.88 0.890000000596
0.9 0.839999988675
0.82 0.859999984503
0.8 0.829999983311
0.84 0.790000006557
0.82 0.780000001192
0.86 0.804999992251
0.84 0.790000006557
0.74 0.769999995828
0.78 0.795000001788
0.76 0.79999999702
0.8 0.730000004172
0.76 0.719999998808
0.76 0.749999985099
0.68 0.77500000596
0.7 0.790000006557
0.76 0.734999999404
0.72 0.694999992847
0.76 0.715000003576
0.72 0.754999995232
0.7 0.725000008941
0.68 0.75
0.62 0.70000000298
0.72 0.715000003576
0.68 0.670000001788
0.68 0.734999984503
0.76 0.715000018477
0.64 0.685000002384
0.72 0.645000010729
0.76 0.720000013709
0.58 0.704999998212
0.76 0.670000016689
0.66 0.710000008345
0.7 0.685000002384
0.62 0.655000001192
0.72 0.630000010133
0.66 0.609999991953
0.6 0.735000014305
0.76 0.640000000596
0.68 0.644999995828
0.62 0.690000012517
0.72 0.665000006557
0.7 0.685000002384
0.72 0.67499999702
0.72 0.659999996424
0.76 0.65000000596
0.76 0.615000024438
0.46 0.620000004768
0.74 0.725000008941
0.58 0.670000001788
0.78 0.625000014901
0.68 0.64500002563
0.66 0.635000005364
0.7 0.675000011921
0.7 0.620000004768
0.56 0.65000000596
0.7 0.670000001788
0.74 0.605000004172
0.74 0.630000010133
0.62 0.705000013113
0.78 0.660000011325
0.56 0.640000015497
0.62 0.585000008345
0.6 0.609999999404
0.56 0.620000004768
0.64 0.670000001788
0.64 0.619999989867
0.7 0.654999986291
0.58 0.570000007749
0.66 0.630000002682
0.62 0.585000008345
0.5 0.644999995828
0.6 0.620000004768
0.64 0.640000015497
0.52 0.604999989271
0.76 0.615000002086
0.54 0.625
0.64 0.605000011623
0.62 0.590000003576
0.64 0.609999999404
0.62 0.630000010133
0.58 0.57499999553
0.66 0.574999988079
0.5 0.579999998212
0.54 0.675000011921
0.62 0.55000000447
0.56 0.585000008345
0.74 0.594999998808
0.6 0.59999999404
0.6 0.59999999404
0.56 0.620000004768
0.62 0.575000017881
0.58 0.555000007153
0.64 0.585000008345
0.56 0.560000002384
0.58 0.545000009239
0.72 0.554999999702
0.52 0.539999999106
0.5 0.615000009537
0.66 0.584999993443
0.64 0.545000001788
0.6 0.570000000298
0.54 0.520000003278
0.58 0.494999989867
0.6 0.605000019073
0.64 0.565000005066
0.46 0.555000007153
0.52 0.52499999851
0.62 0.580000005662
0.64 0.570000007749
0.54 0.57500000298
0.68 0.585000000894
0.62 0.585000008345
0.5 0.544999994338
0.42 0.554999999702
0.6 0.57500000298
0.62 0.52499999851
0.5 0.554999999702
0.62 0.55000000447
0.52 0.544999994338
0.5 0.530000008643
0.52 0.560000002384
0.58 0.565000005066
0.48 0.525000013411
0.56 0.514999985695
0.56 0.515000008047
0.48 0.545000001788
0.54 0.505000002682
0.44 0.489999994636
0.4 0.5
0.52 0.505000002682
0.46 0.525000013411
0.66 0.479999996722
0.56 0.52500000596
0.56 0.504999995232
0.54 0.515000008047
0.64 0.444999992847
0.62 0.560000017285
0.66 0.520000003278
0.42 0.530000008643
0.48 0.569999992847
0.48 0.504999987781
0.46 0.540000006557
0.46 0.540000006557
0.52 0.609999999404
0.62 0.52499999851
0.38 0.450000010431
0.48 0.514999993145
0.5 0.459999993443
0.68 0.454999998212
0.4 0.519999988377
0.38 0.490000002086
0.44 0.584999993443
0.44 0.539999999106
0.42 0.434999994934
0.46 0.464999996126
0.48 0.505000002682
0.32 0.480000004172
0.42 0.47499999404
0.4 0.480000004172
0.42 0.505000002682
0.56 0.509999997914
0.52 0.484999991953
0.52 0.480000004172
0.58 0.545000001788
0.44 0.459999993443
0.5 0.509999997914
0.56 0.519999988377
0.56 0.500000007451
0.52 0.445000007749
0.4 0.504999995232
0.48 0.479999996722
0.5 0.539999999106
0.48 0.490000002086
0.44 0.454999998212
0.42 0.425000011921
0.38 0.505000002682
0.44 0.52500000596
0.38 0.499999992549
0.44 0.494999997318
0.5 0.45000000298
0.54 0.499999992549
0.42 0.45000000298
0.32 0.484999991953
0.56 0.459999993443
0.58 0.479999996722
0.46 0.510000005364
0.42 0.47499999404
0.48 0.515000008047
0.44 0.465000003576
0.48 0.529999993742
0.36 0.420000001788
0.54 0.380000002682
0.4 0.429999999702
0.44 0.469999998808
0.28 0.42500000447
0.5 0.465000003576
0.52 0.45000000298
0.34 0.415000006557
0.48 0.479999989271
0.42 0.439999997616
0.32 0.45000000298
0.54 0.509999990463
0.36 0.494999989867
0.5 0.42499999702
0.46 0.429999999702
0.62 0.470000006258
0.34 0.385000005364
0.38 0.475000008941
0.42 0.469999998808
0.3 0.439999990165
0.38 0.520000010729
0.52 0.394999995828
0.44 0.429999999702
0.3 0.434999987483
0.54 0.460000008345
0.5 0.415000006557
0.48 0.42500000447
0.46 0.489999994636
0.48 0.47500000149
0.5 0.414999999106
0.42 0.439999997616
0.46 0.390000000596
0.42 0.435000002384
0.42 0.434999994934
0.48 0.459999993443
0.4 0.465000003576
0.38 0.395000003278
0.56 0.445000000298
0.34 0.479999989271
0.52 0.42499999702
0.46 0.469999991357
0.42 0.454999998212
0.32 0.429999999702
0.44 0.429999992251
0.44 0.44999999553
0.38 0.394999995828
0.48 0.439999990165
0.36 0.415000006557
0.5 0.454999998212
0.3 0.415000006557
0.44 0.454999990761
0.46 0.47500000149
0.36 0.394999995828
0.52 0.47499999404
0.32 0.479999989271
0.38 0.410000003874
0.32 0.514999993145
0.46 0.42500000447
0.48 0.430000007153
0.34 0.390000000596
0.44 0.415000006557
0.42 0.429999992251
0.56 0.420000001788
0.38 0.444999992847
0.36 0.384999997914
0.42 0.454999990761
0.46 0.390000000596
0.42 0.429999999702
0.36 0.439999990165
0.38 0.420000001788
0.48 0.620000004768
0.6 0.52500000596
0.68 0.464999996126
0.58 0.515000000596
0.52 0.445000000298
0.3 0.420000001788
0.38 0.435000002384
0.32 0.444999992847
0.42 0.509999997914
0.38 0.394999995828
0.4 0.454999998212
0.52 0.409999996424
0.48 0.39999999851
0.36 0.414999999106
0.48 0.385000005364
0.38 0.454999998212
0.36 0.494999989867
0.4 0.469999998808
0.4 0.390000000596
0.44 0.384999997914
0.3 0.504999995232
0.36 0.47499999404
0.38 0.465000003576
0.36 0.385000005364
0.36 0.384999997914
0.42 0.435000009835
0.54 0.409999996424
0.38 0.444999992847
0.32 0.484999999404
0.32 0.425000011921
0.32 0.344999998808
0.42 0.500000014901
0.34 0.419999994338
0.48 0.355000004172
0.46 0.439999997616
0.44 0.454999998212
0.44 0.420000001788
0.32 0.409999996424
0.4 0.394999995828
0.52 0.45000000298
0.24 0.415000006557
0.42 0.395000003278
0.56 0.490000002086
0.36 0.375000007451
0.28 0.365000002086
0.32 0.335000000894
0.38 0.390000000596
0.48 0.420000001788
0.36 0.44999999553
0.38 0.419999994338
0.42 0.435000002384
0.4 0.380000002682
0.42 0.390000008047
0.4 0.359999999404
0.36 0.355000004172
0.38 0.384999997914
0.38 0.444999992847
0.48 0.414999999106
0.38 0.409999996424
0.48 0.375
0.42 0.42499999702
0.34 0.385000005364
0.32 0.35000000149
0.38 0.39999999851
0.32 0.42499999702
0.46 0.440000005066
0.26 0.35000000149
0.48 0.429999999702
0.32 0.394999992102
0.4 0.434999994934
0.46 0.464999996126
0.38 0.434999994934
0.26 0.399999991059
0.34 0.405000001192
0.38 0.415000006557
0.46 0.380000002682
0.36 0.295000001788
0.32 0.370000004768
0.38 0.369999997318
0.34 0.390000000596
0.24 0.369999997318
0.3 0.300000000745
0.56 0.354999996722
0.26 0.460000000894
0.4 0.429999992251
0.28 0.430000007153
0.4 0.454999990761
0.34 0.330000013113
0.28 0.384999997914
0.32 0.42500000447
0.46 0.309999994934
0.44 0.369999997318
0.36 0.405000001192
0.24 0.344999998808
0.38 0.385000005364
0.32 0.419999994338
0.44 0.380000010133
0.34 0.369999997318
0.44 0.369999997318
0.34 0.369999997318
0.4 0.435000002384
0.4 0.404999993742
0.34 0.339999996126
0.5 0.370000004768
0.42 0.375000007451
0.42 0.394999995828
0.42 0.390000000596
0.3 0.409999996424
0.22 0.410000003874
0.3 0.35000000149
0.34 0.335000000894
0.34 0.375
0.36 0.359999999404
0.34 0.405000008643
0.22 0.340000003576
0.3 0.400000013411
0.3 0.35000000149
0.24 0.359999999404
0.28 0.390000000596
0.32 0.35000000149
0.38 0.369999989867
0.36 0.365000002086
0.36 0.379999995232
0.32 0.379999995232
0.28 0.305000003427
0.24 0.345000006258
0.3 0.359999999404
0.28 0.345000006258
0.34 0.359999999404
0.5 0.39999999851
0.18 0.359999999404
0.26 0.410000003874
0.42 0.295000001788
0.4 0.375
0.3 0.314999997616
0.4 0.419999994338
0.28 0.360000006855
0.38 0.350000008941
0.26 0.375
0.4 0.335000000894
0.34 0.365000002086
0.38 0.375000007451
0.36 0.359999991953
0.36 0.335000000894
0.36 0.32500000298
0.28 0.35000000149
0.3 0.295000001788
0.34 0.365000002086
0.34 0.405000001192
0.38 0.385000005364
0.28 0.370000004768
0.4 0.335000000894
0.38 0.42499999702
0.36 0.339999999851
0.22 0.340000003576
0.38 0.359999999404
0.3 0.440000005066
0.38 0.419999994338
0.42 0.350000008941
0.36 0.375
0.18 0.32500000298
0.34 0.380000002682
0.38 0.359999999404
0.38 0.330000001937
0.36 0.379999995232
0.22 0.409999996424
0.36 0.409999996424
0.34 0.355000004172
0.32 0.339999999851
0.36 0.34999999404
0.22 0.395000003278
0.2 0.310000006109
0.4 0.354999996722
0.26 0.360000006855
0.2 0.355000004172
0.38 0.390000008047
0.38 0.409999996424
0.32 0.420000001788
0.38 0.370000004768
0.3 0.384999997914
0.26 0.345000006258
0.32 0.340000003576
0.36 0.365000002086
0.2 0.379999995232
0.28 0.379999995232
0.3 0.335000000894
0.36 0.324999999255
0.3 0.35000000149
0.34 0.360000006855
0.2 0.330000005662
0.18 0.359999999404
0.44 0.334999993443
0.24 0.389999993145
0.32 0.350000008941
0.36 0.329999994487
0.4 0.289999999106
0.28 0.359999999404
0.36 0.369999997318
0.4 0.30000000447
0.22 0.415000006557
0.28 0.34999999404
0.34 0.304999999702
0.24 0.355000004172
0.18 0.345000002533
0.32 0.334999989718
0.38 0.354999996722
0.26 0.314999997616
0.32 0.454999998212
0.34 0.320000000298
0.32 0.359999995679
0.22 0.369999997318
0.24 0.375
0.38 0.320000000298
0.3 0.295000005513
0.26 0.39999999851
0.28 0.39999999851
0.28 0.405000001192
0.24 0.359999999404
0.34 0.40000000596
0.48 0.345000006258
0.24 0.335000000894
0.32 0.34999999404
0.34 0.310000002384
0.38 0.379999995232
0.3 0.350000008941
0.34 0.335000004619
0.26 0.375
0.22 0.354999996722
0.24 0.390000000596
0.22 0.440000005066
0.26 0.334999993443
0.22 0.325000010431
0.28 0.314999997616
0.26 0.344999998808
0.46 0.329999998212
0.32 0.430000007153
0.28 0.365000002086
0.28 0.409999996424
0.42 0.300000000745
0.28 0.309999994934
0.34 0.409999988973
0.28 0.369999997318
0.24 0.389999993145
0.28 0.340000003576
0.34 0.359999999404
0.28 0.360000006855
0.42 0.309999998659
0.26 0.335000000894
0.28 0.329999998212
0.24 0.310000006109
0.28 0.305000003427
0.32 0.35000000149
0.36 0.35000000149
0.28 0.429999992251
0.28 0.320000000298
0.36 0.310000002384
0.22 0.254999995232
0.28 0.344999998808
0.3 0.345000006258
0.26 0.310000002384
0.3 0.355000004172
0.32 0.320000000298
0.26 0.290000002831
0.38 0.309999991208
0.3 0.29999999702
0.3 0.330000001937
0.3 0.324999999255
0.36 0.335000000894
0.22 0.350000008941
0.22 0.334999997169
0.26 0.309999998659
0.24 0.35000000149
0.34 0.320000007749
0.18 0.339999996126
0.14 0.319999996573
0.34 0.320000004023
0.3 0.320000000298
0.2 0.269999999553
0.32 0.365000002086
0.16 0.314999997616
0.24 0.355000004172
0.3 0.40000000596
0.2 0.375
0.36 0.320000000298
0.22 0.269999999553
0.18 0.284999996424
0.08 0.294999994338
0.18 0.369999997318
0.28 0.310000002384
0.24 0.335000000894
0.36 0.340000003576
0.32 0.324999999255
0.2 0.329999990761
0.32 0.344999991357
0.34 0.359999999404
0.3 0.315000005066
0.22 0.329999994487
0.34 0.345000006258
0.32 0.329999998212
0.22 0.365000002086
0.2 0.320000004023
0.18 0.309999998659
0.18 0.300000000745
0.24 0.344999998808
0.26 0.330000005662
0.22 0.330000001937
0.18 0.32499999553
0.2 0.375
0.32 0.299999993294
0.28 0.29999999702
0.26 0.340000003576
0.42 0.304999999702
0.38 0.45000000298
0.36 0.339999999851
0.26 0.35000000149
0.2 0.35000000149
0.36 0.375
0.24 0.350000005215
0.34 0.305000003427
0.36 0.279999993742
0.24 0.320000007749
0.18 0.344999998808
0.28 0.365000002086
0.22 0.300000000745
0.26 0.319999996573
0.22 0.359999999404
0.36 0.340000003576
0.34 0.35000000149
0.24 0.315000001341
0.22 0.325000010431
0.38 0.355000004172
0.18 0.335000008345
0.2 0.289999999106
0.36 0.35000000149
0.24 0.279999993742
0.24 0.27499999851
0.2 0.334999993443
0.28 0.340000011027
0.24 0.320000000298
0.38 0.285000000149
0.32 0.355000004172
0.22 0.320000007749
0.26 0.284999992698
0.3 0.344999998808
0.22 0.340000011027
0.3 0.290000002831
0.24 0.270000007004
0.32 0.304999995977
0.22 0.289999999106
0.32 0.324999999255
0.2 0.330000005662
0.24 0.359999999404
0.34 0.294999998063
0.2 0.290000002831
0.28 0.32500000298
0.32 0.32500000298
0.3 0.319999992847
0.24 0.32500000298
0.24 0.329999998212
0.3 0.300000000745
0.28 0.289999995381
0.28 0.314999997616
0.36 0.324999999255
0.16 0.305000007153
0.3 0.309999994934
0.28 0.329999998212
0.22 0.320000000298
0.22 0.30000000447
0.22 0.375
0.28 0.34999999404
0.24 0.319999996573
0.16 0.365000002086
0.26 0.310000002384
0.3 0.284999992698
0.28 0.265000000596
0.24 0.289999995381
0.28 0.305000007153
0.14 0.304999999702
0.26 0.370000004768
0.26 0.369999997318
0.26 0.30000000447
0.28 0.279999997467
0.26 0.320000000298
0.34 0.285000000149
0.16 0.344999998808
0.24 0.345000006258
0.28 0.380000010133
0.2 0.32500000298
0.36 0.290000002831
0.14 0.279999995604
0.2 0.285000003874
0.22 0.354999992996
0.22 0.364999998361
0.2 0.344999998808
0.14 0.289999999106
0.38 0.279999997467
0.24 0.340000003576
0.26 0.379999995232
0.18 0.379999998957
0.28 0.32500000298
0.22 0.279999997467
0.24 0.354999996722
0.22 0.330000005662
0.26 0.285000003874
0.28 0.360000003129
0.34 0.319999996573
0.3 0.2850000076
0.22 0.295000009239
0.28 0.32500000298
0.22 0.344999998808
0.3 0.275000002235
0.22 0.319999996573
0.18 0.414999999106
0.3 0.289999995381
0.28 0.289999999106
0.12 0.310000002384
0.22 0.330000005662
0.32 0.35000000149
0.3 0.355000004172
0.2 0.360000006855
0.12 0.329999998212
0.22 0.32500000298
0.24 0.289999999106
0.22 0.234999999404
0.16 0.335000008345
0.24 0.355000000447
0.32 0.27499999851
0.24 0.290000006557
0.12 0.314999997616
0.26 0.235000003129
0.2 0.304999995977
0.22 0.335000000894
0.22 0.344999998808
0.14 0.325000010431
0.22 0.32500000298
0.26 0.369999997318
0.2 0.340000003576
0.22 0.370000004768
0.3 0.29999999702
0.2 0.375000007451
0.22 0.254999995232
0.28 0.314999997616
0.14 0.27500000596
0.34 0.305000003427
0.34 0.315000001341
0.3 0.330000001937
0.22 0.25
0.08 0.250000003725
0.22 0.335000000894
0.16 0.389999993145
0.3 0.379999995232
0.4 0.305000003427
0.22 0.320000000298
0.1 0.35000000149
0.2 0.330000001937
0.22 0.300000000745
0.16 0.314999993891
0.2 0.344999998808
0.32 0.300000000745
0.18 0.3399999924
0.14 0.264999993145
0.38 0.319999996573
0.16 0.350000008941
0.16 0.259999997914
0.28 0.419999994338
0.28 0.335000000894
0.24 0.329999998212
0.14 0.300000000745
0.26 0.355000011623
0.16 0.285000003874
0.24 0.325000010431
0.2 0.314999997616
0.26 0.295000005513
0.32 0.285000003874
0.1 0.289999995381
0.12 0.294999998063
0.2 0.329999998212
0.28 0.30000000447
0.22 0.309999994934
0.18 0.340000003576
0.28 0.270000007004
0.16 0.359999999404
0.18 0.350000005215
0.24 0.320000000298
0.3 0.335000000894
0.2 0.365000002086
0.24 0.310000002384
0.18 0.239999998361
0.16 0.345000006258
0.22 0.309999994934
0.2 0.32500000298
0.32 0.344999991357
0.16 0.274999994785
0.3 0.310000002384
0.2 0.344999998808
0.14 0.344999998808
0.28 0.335000004619
0.3 0.304999999702
0.26 0.25
0.18 0.274999994785
0.2 0.349999997765
0.3 0.304999995977
0.16 0.334999993443
0.3 0.334999997169
0.32 0.320000004023
0.16 0.295000001788
0.16 0.254999998957
0.3 0.315000001341
0.16 0.340000003576
0.22 0.270000007004
0.24 0.335000000894
0.22 0.27499999851
0.16 0.374999992549
0.24 0.300000000745
0.2 0.320000000298
0.22 0.27499999851
0.16 0.340000003576
0.22 0.319999996573
0.14 0.314999997616
0.2 0.340000003576
0.3 0.329999998212
0.32 0.340000003576
0.18 0.32500000298
0.28 0.300000000745
0.22 0.350000008941
0.18 0.335000008345
0.22 0.319999996573
0.14 0.27499999851
0.32 0.294999998063
0.2 0.359999999404
0.26 0.27499999851
0.38 0.259999997914
0.2 0.25
0.28 0.335000000894
0.16 0.285000002012
0.12 0.370000004768
0.16 0.365000002086
0.14 0.319999992847
0.2 0.265000000596
0.22 0.270000003278
0.2 0.355000000447
0.2 0.35000000149
0.26 0.294999998063
0.12 0.295000001788
0.08 0.305000007153
0.2 0.294999998063
0.28 0.329999998212
0.12 0.330000005662
0.2 0.335000000894
0.22 0.329999998212
0.2 0.384999997914
0.22 0.285000002012
0.24 0.345000006258
0.2 0.370000004768
0.14 0.294999998063
0.22 0.274999994785
0.28 0.329999998212
0.24 0.310000002384
0.12 0.259999997914
0.22 0.289999999106
0.28 0.310000002384
0.26 0.27500000596
0.1 0.29999999702
0.24 0.290000002831
0.12 0.29999999702
0.12 0.310000002384
0.28 0.269999995828
0.16 0.35000000149
0.2 0.284999996424
0.18 0.239999998361
0.1 0.30000000447
0.2 0.34999999404
0.24 0.359999999404
0.24 0.344999998808
0.28 0.30000000447
0.22 0.314999993891
0.24 0.324999999255
0.16 0.345000006258
0.18 0.315000005066
0.18 0.259999997914
0.18 0.249999992549
0.16 0.289999999106
0.22 0.245000001043
0.08 0.259999997914
0.16 0.285000000149
0.16 0.320000000298
0.2 0.274999994785
0.2 0.29999999702
0.22 0.27499999851
0.2 0.284999996424
0.26 0.289999999106
0.22 0.344999998808
0.06 0.314999997616
0.22 0.32500000298
0.22 0.355000004172
0.18 0.265000004321
0.2 0.295000001788
0.12 0.325000010431
0.08 0.384999997914
0.22 0.335000008345
0.1 0.260000001639
0.28 0.324999999255
0.18 0.330000001937
0.12 0.365000002086
0.16 0.355000011623
0.16 0.265000000596
0.16 0.310000009835
0.12 0.315000008792
0.1 0.265000000596
0.16 0.300000000745
0.2 0.239999998361
0.14 0.27499999851
0.2 0.354999996722
0.24 0.325000006706
0.1 0.394999995828
0.32 0.304999999702
0.24 0.32500000298
0.3 0.32500000298
0.22 0.325000006706
0.2 0.300000000745
0.2 0.249999996275
0.32 0.320000000298
0.26 0.290000002831
0.24 0.270000007004
0.16 0.295000001788
0.14 0.315000005066
0.02 0.285000003874
0.24 0.329999998212
0.16 0.320000000298
0.12 0.289999999106
0.26 0.29999999702
0.12 0.335000000894
0.16 0.355000004172
0.16 0.27499999851
0.28 0.315000005066
0.14 0.349999997765
0.18 0.295000001788
0.22 0.300000008196
0.2 0.35000000149
0.14 0.304999999702
0.1 0.280000001192
0.06 0.335000000894
0.12 0.315000008792
0.14 0.255000002682
0.18 0.304999995977
0.16 0.320000004023
0.24 0.370000004768
0.1 0.249999996275
0.1 0.275000002235
0.26 0.309999994934
0.16 0.295000001788
0.3 0.289999999106
0.24 0.330000005662
0.2 0.300000000745
0.18 0.344999998808
0.16 0.30000000447
0.18 0.32499999553
0.18 0.295000005513
0.24 0.290000002831
0.22 0.220000000671
0.24 0.274999994785
0.18 0.319999996573
0.1 0.284999992698
0.24 0.269999995828
0.1 0.339999996126
0.1 0.355000004172
0.2 0.370000004768
0.14 0.345000006258
0.16 0.324999999255
0.1 0.290000006557
0.22 0.269999999553
0.14 0.310000002384
0.22 0.330000001937
0.2 0.274999994785
0.18 0.284999996424
0.18 0.32500000298
0.18 0.219999995083
0.14 0.300000000745
0.18 0.285000000149
0.28 0.25
0.14 0.335000000894
0.16 0.275000002235
0.18 0.295000001788
0.12 0.274999994785
0.12 0.27499999851
0.14 0.329999998212
0.2 0.329999998212
0.08 0.299999993294
0.18 0.310000006109
0.16 0.35000000149
0.08 0.254999998957
0.18 0.290000006557
0.22 0.289999995381
0.12 0.294999998063
0.12 0.285000003874
0.22 0.285000000149
0.1 0.320000000298
0.1 0.34999999404
0.14 0.285000003874
0.08 0.27499999851
0.14 0.285000000149
0.18 0.30000000447
0.32 0.280000001192
0.04 0.314999997616
0.24 0.330000013113
0.22 0.315000005066
0.2 0.280000001192
0.14 0.269999995828
0.14 0.320000007749
0.16 0.274999994785
0.16 0.354999996722
0.14 0.265000000596
0.2 0.270000003278
0.12 0.270000003278
0.08 0.314999997616
0.08 0.304999999702
0.16 0.269999995828
0.18 0.240000005811
0.14 0.280000001192
0.22 0.295000005513
0.2 0.32500000298
0.18 0.289999999106
0.16 0.380000002682
0.14 0.375
0.16 0.334999997169
0.16 0.300000008196
0.14 0.240000002086
0.3 0.264999996871
0.16 0.290000002831
0.14 0.27500000596
0.1 0.354999996722
0.16 0.310000002384
0.18 0.285000003874
0.12 0.285000000149
0.22 0.324999999255
0.24 0.249999996275
0.22 0.254999995232
0.18 0.320000000298
0.24 0.334999993443
0.22 0.309999998659
0.36 0.289999999106
0.18 0.249999996275
0.26 0.310000006109
0.16 0.275000002235
0.1 0.320000000298
0.26 0.295000001788
0.22 0.27500000596
0.16 0.274999994785
0.22 0.32499999553
0.18 0.224999997765
0.1 0.29999999702
0.2 0.239999994636
0.12 0.320000000298
0.12 0.265000000596
0.16 0.280000001192
0.24 0.269999999553
0.1 0.30000000447
0.16 0.284999996424
0.2 0.264999993145
0.18 0.304999999702
0.24 0.295000001788
0.26 0.295000001788
0.18 0.320000000298
0.06 0.329999998212
0.14 0.27500000596
0.22 0.279999997467
0.26 0.264999996871
0.2 0.294999994338
0.18 0.30000000447
0.12 0.314999993891
0.16 0.294999998063
0.22 0.305000003427
0.14 0.289999999106
0.18 0.259999997914
0.14 0.289999999106
0.12 0.275000002235
0.16 0.290000006557
0.14 0.310000002384
0.18 0.289999999106
0.14 0.329999998212
0.22 0.264999996871
0.12 0.254999993369
0.18 0.285000000149
0.16 0.290000006557
0.24 0.310000002384
0.16 0.299999993294
0.22 0.294999998063
0.16 0.360000006855
0.14 0.264999996871
0.14 0.290000006557
0.24 0.280000001192
0.1 0.300000000745
0.14 0.32499999553
0.18 0.315000005066
0.12 0.265000000596
0.22 0.335000008345
0.16 0.259999997914
0.14 0.30000000447
0.02 0.274999994785
0.22 0.245000002906
0.1 0.329999998212
0.16 0.280000004917
0.14 0.30000000447
0.22 0.355000004172
0.16 0.289999999106
0.14 0.264999996871
0.12 0.310000002384
0.2 0.265000000596
0.16 0.294999994338
0.22 0.355000004172
0.18 0.324999999255
0.08 0.310000002384
0.08 0.330000001937
0.18 0.290000010282
0.14 0.259999997914
0.2 0.280000008643
0.16 0.274999994785
0.16 0.269999999553
0.16 0.265000000596
0.1 0.290000002831
0.06 0.29999999702
0.1 0.254999998957
0.14 0.310000006109
0.2 0.269999999553
0.26 0.27499999851
0.14 0.315000005066
0.14 0.285000003874
0.18 0.320000000298
0.14 0.304999999702
0.2 0.304999992251
0.26 0.285000003874
0.16 0.285000003874
0.18 0.320000004023
0.1 0.384999997914
0.14 0.304999999702
0.1 0.290000010282
0.08 0.334999997169
0.16 0.289999999106
0.28 0.264999996871
0.16 0.305000003427
0.1 0.335000000894
0.14 0.344999998808
0.16 0.260000001639
0.14 0.255000002682
0.1 0.264999993145
0.12 0.305000007153
0.22 0.280000001192
0.22 0.265000000596
0.08 0.280000004917
0.16 0.295000001788
0.22 0.249999996275
0.1 0.300000000745
0.16 0.245000001043
0.04 0.260000001639
0.12 0.354999989271
0.1 0.275000002235
0.14 0.30000000447
0.12 0.284999996424
0.08 0.315000001341
0.26 0.304999999702
0.18 0.365000002086
0.1 0.259999994189
0.12 0.269999995828
0.1 0.304999999702
0.08 0.290000002831
0.12 0.255000002682
0.14 0.320000000298
0.22 0.244999997318
0.14 0.300000000745
0.18 0.294999998063
0.1 0.319999996573
0.22 0.289999999106
0.24 0.300000000745
0.16 0.235000003129
0.12 0.315000005066
0.12 0.269999995828
0.14 0.34999999404
0.12 0.290000006557
0.2 0.239999994636
0.16 0.239999998361
0.12 0.320000000298
0.08 0.324999999255
0.32 0.504999995232
0.22 0.469999991357
0.26 0.365000002086
0.28 0.414999999106
0.22 0.385000005364
0.22 0.350000008941
0.3 0.345000006258
0.3 0.325000010431
0.12 0.310000009835
0.24 0.269999999553
0.24 0.369999997318
0.12 0.280000001192
0.22 0.279999997467
0.22 0.27499999851
0.16 0.29999999702
0.26 0.340000003576
0.08 0.324999999255
0.12 0.315000005066
0.22 0.300000000745
0.18 0.345000006258
0.22 0.310000002384
0.24 0.30000000447
0.18 0.340000003576
0.22 0.264999996871
0.28 0.360000006855
0.14 0.265000000596
0.3 0.370000004768
0.18 0.35000000149
0.26 0.285000000149
0.08 0.255000006407
0.22 0.2850000076
0.18 0.224999997765
0.16 0.314999997616
0.14 0.295000001788
0.18 0.310000002384
0.2 0.320000000298
0.18 0.269999995828
0.16 0.335000000894
0.14 0.309999994934
0.22 0.244999997318
0.18 0.355000004172
0.14 0.255000002682
0.2 0.240000003949
0.18 0.294999994338
0.16 0.27499999851
0.16 0.274999994785
0.1 0.294999998063
0.12 0.25
0.1 0.340000003576
0.16 0.30000000447
0.16 0.310000006109
0.16 0.384999997914
0.12 0.244999997318
0.16 0.27499999851
0.16 0.230000004172
0.2 0.310000002384
0.14 0.315000001341
0.1 0.324999999255
0.06 0.324999999255
0.1 0.344999998808
0.32 0.335000008345
0.1 0.27500000596
0.08 0.284999996424
0.14 0.234999997541
0.1 0.320000000298
0.18 0.315000005066
0.1 0.315000001341
0.14 0.29999999702
0.16 0.204999998212
0.16 0.309999994934
0.12 0.274999994785
0.14 0.314999997616
0.14 0.290000006557
0.16 0.265000000596
0.14 0.340000003576
0.02 0.379999995232
0.12 0.365000002086
0.16 0.295000005513
0.14 0.304999999702
0.12 0.260000003502
0.12 0.260000005364
0.12 0.314999997616
0.1 0.304999999702
0.24 0.280000001192
0.18 0.319999992847
0.18 0.27499999851
0.16 0.279999997467
0.08 0.310000002384
0.1 0.279999997467
0.1 0.310000002384
0.12 0.335000008345
0.14 0.285000000149
0.22 0.285000000149
0.1 0.254999995232
0.1 0.239999994636
0.12 0.335000008345
0.08 0.344999998808
0.18 0.265000000596
0.18 0.265000000596
0.12 0.270000003278
0.12 0.310000002384
0.18 0.32500000298
0.3 0.230000000447
0.14 0.259999997914
0.08 0.244999997318
0.12 0.280000001192
0.18 0.32500000298
0.2 0.329999998212
0.12 0.29999999702
0.16 0.324999999255
0.1 0.320000007749
0.12 0.265000000596
0.16 0.254999998957
0.12 0.259999994189
0.14 0.284999996424
0.08 0.249999996275
0.16 0.320000004023
0.18 0.369999997318
0.14 0.295000005513
0.14 0.289999999106
0.2 0.335000000894
0.16 0.27499999851
0.06 0.35000000149
0.16 0.254999998957
0.08 0.295000005513
0.16 0.289999999106
0.12 0.265000004321
0.14 0.315000005066
0.1 0.264999996871
0.14 0.310000002384
0.12 0.354999996722
0.1 0.315000001341
0.08 0.275000002235
0.1 0.309999998659
0.1 0.269999999553
0.2 0.320000000298
0.12 0.27499999851
0.04 0.249999996275
0.1 0.32500000298
0.14 0.30000000447
0.1 0.329999998212
0.18 0.285000000149
0.08 0.315000001341
0.18 0.275000007823
0.14 0.264999996871
0.1 0.305000003427
0.16 0.284999996424
0.06 0.289999999106
0.16 0.285000000149
0.16 0.315000001341
0.04 0.275000002235
0.08 0.269999999553
0.1 0.195000000298
0.1 0.304999999702
0.08 0.249999996275
0.12 0.279999997467
0.12 0.329999998212
0.1 0.279999997467
0.08 0.320000007749
0.12 0.259999997914
0.1 0.305000003427
0.08 0.285000000149
0.16 0.314999993891
0.12 0.274999994785
0.1 0.330000005662
0.18 0.304999995977
0.18 0.255000006407
0.08 0.279999997467
0.18 0.29999999702
0.08 0.304999999702
0.1 0.295000001788
0.06 0.285000003874
0.1 0.314999997616
0.08 0.244999997318
0.18 0.344999998808
0.12 0.255000006407
0.12 0.239999994636
0.08 0.305000003427
0.18 0.265000004321
0.12 0.35000000149
0.12 0.315000001341
0.12 0.289999995381
0.08 0.354999992996
0.16 0.27499999851
0.12 0.354999996722
0.04 0.279999993742
0.08 0.315000001341
0.12 0.285000003874
0.08 0.290000006557
0.14 0.284999996424
0.08 0.229999998584
0.08 0.25
0.1 0.279999997467
0.14 0.275000002235
0.2 0.334999993443
0.14 0.229999996722
0.1 0.300000000745
0.14 0.30000000447
0.04 0.32499999553
0.08 0.264999996871
0.12 0.304999999702
0.12 0.30000000447
0.12 0.30000000447
0.14 0.330000001937
0.08 0.304999995977
0.1 0.305000003427
0.08 0.270000003278
0.06 0.255000002682
0.12 0.315000001341
0.1 0.345000006258
0.06 0.305000003427
0.08 0.310000006109
0.06 0.315000005066
0.02 0.260000005364
0.18 0.254999998957
0.12 0.270000007004
0.08 0.330000001937
0.12 0.295000001788
0.08 0.375
0.14 0.314999997616
0.1 0.334999993443
0.12 0.284999992698
0.08 0.289999999106
0.1 0.324999999255
0.06 0.275000002235
0.06 0.269999995828
0.1 0.265000000596
0.16 0.314999997616
0.12 0.275000002235
0.1 0.254999995232
0.22 0.295000001788
0.08 0.284999996424
0.14 0.259999997914
0.08 0.320000000298
0.14 0.304999999702
0.08 0.269999995828
0.1 0.300000000745
0.12 0.295000001788
0.06 0.289999995381
0.12 0.320000000298
0.16 0.324999999255
0.04 0.359999999404
0.1 0.245000001043
0.08 0.369999997318
0.12 0.355000000447
0.12 0.304999992251
0.02 0.279999993742
0.12 0.249999996275
0.06 0.394999995828
0.06 0.285000000149
0.2 0.295000005513
0.14 0.284999996424
0.14 0.239999994636
0.08 0.250000003725
0.06 0.285000003874
0.1 0.339999996126
0.06 0.300000000745
0.12 0.269999999553
0.06 0.279999997467
0.04 0.375000007451
0.1 0.309999994934
0.18 0.284999996424
0.04 0.224999999627
0.1 0.364999994636
0.06 0.319999992847
0.1 0.289999999106
0.14 0.330000005662
0.14 0.334999993443
0.1 0.289999995381
0.14 0.269999995828
0.16 0.280000001192
0.12 0.315000005066
0.18 0.274999991059
0.12 0.345000006258
0.12 0.32499999553
0.1 0.27500000596
0.12 0.315000001341
0.12 0.29999999702
0.14 0.304999999702
0.06 0.294999998063
0.08 0.315000001341
0.12 0.314999997616
0.08 0.22500000149
0.1 0.305000007153
0.1 0.310000006109
0.06 0.320000000298
0.18 0.275000002235
0.04 0.295000005513
0.08 0.27499999851
0.12 0.335000000894
0.12 0.265000004321
0.04 0.340000003576
0.1 0.274999994785
0.1 0.26000000909
0.08 0.315000005066
0.16 0.285000000149
0.1 0.314999997616
0.14 0.295000001788
0.12 0.320000000298
0.18 0.310000002384
0.08 0.259999997914
0.12 0.32500000298
0.2 0.35000000149
0.06 0.214999999851
0.06 0.294999998063
0.1 0.259999994189
0.04 0.335000000894
0.06 0.300000000745
0.12 0.335000000894
0.08 0.359999999404
0.18 0.269999995828
0.14 0.315000005066
0.06 0.335000008345
0.06 0.255000002682
0.16 0.320000000298
0.16 0.334999997169
0.04 0.32500000298
0.18 0.259999997914
0.14 0.290